,A,AA,AAL,AAN,ADP,AAT,AGM,AHH,ACCO,AIV,ACRE,AGNC,AGYS,ACRV,ABBV,AAPL,AGCO,ADCT,ACHV,ACGL,AGS,ADVM,AEO,AFCG,ACCD,ACAD,AKAM,ACI,AAOI,AEVA,AJG,ADBE,AIG,AEP,AFRM,AFG,ABSI,AI,AESI,AIOT,ADPT,ABM,AKBA,ACDC,AGR,ADMA,AGX,ACEL,AIR,ACIW,AEHR,ADEA,AGL,ABR,ACT,ACLX,AIZ,ACHC,ACM,ABCB,ADUS,ACHR,AES,AHCO,AEYE,ACTG,AIN,ADM,ABUS,AAON,AEIS,ADI,ADSK,AKR,AGO,ADNT,ADTN,ACLS,ABOS,ACVA,AIP,ADC,ABG,ABNB,ACIC,ACMR,AIT,AIRS,ADV,AEE,AHR,AAP,ACNB,AFL,AISP,ADT,ACN,ABT,ACA,AILE
A,1.0,0.6917653674389255,0.3836127512628842,0.5734570724464917,0.6326459469497998,0.577351565179927,0.29197784614430367,0.48685859785999125,0.6972799455165521,0.42631211007848707,0.2504207267896912,0.3085158031963136,0.7522857294357874,0.593417608430431,0.6678861292324444,0.7098685783175901,0.6427881832877699,0.5448140410266382,0.2820292024191214,0.40692880622942545,0.5871368235578381,0.436426724885909,0.31134334447261086,0.4193949514955164,0.6722662585985814,0.3918778820859909,0.7047964681740342,0.5173967652051099,0.6933159807910533,0.5032676845132543,0.5472835567622788,0.6787439916310303,0.6335962500016813,0.337953536637436,0.49657653625107884,0.40435387642476733,0.5382724552258743,0.5054196954246744,0.3758200945820401,0.38193790329688143,0.5726870060043937,0.581221686925161,0.43702263189946977,0.501934143456058,0.650888100150383,0.4270445125406399,0.622498582595719,0.4994059276816119,0.5378147986690611,0.5297091806993355,0.7520175852725384,0.7300667627669138,0.7473024775035729,0.4690798116176612,0.3176969985998955,0.3259544557640102,0.5032402409428546,0.4359786207250825,0.5672328898408454,0.3670130176248749,0.356186662599115,0.34962980367049895,0.5940874511724253,0.6086732079304223,0.6743011171086601,0.4969690655012206,0.6264138494843577,0.6807055470685079,0.35257797037253646,0.4303643076326676,0.3702915544478067,0.8002100877791152,0.6522745743865297,0.461444837171825,0.17304857739621046,0.5277389691803841,0.7323529128092358,0.7336411458627077,0.39565624471331573,0.6362052896338115,0.698106620303044,0.3462797921937681,0.6328501775306896,0.5130747455306145,0.3907756190299992,0.7304813561923746,0.6324002828865846,0.3010579772606581,0.7717682000748122,0.4546951853363007,0.4802313115863914,0.5960444881938067,0.2742283708691594,0.4960271887812915,0.5546032658374345,0.6727612826698742,0.5179447374265573,0.7969126136720573,0.6380019590171909,0.3863076157610288
AA,0.6917653674389255,1.0,0.4948445823126009,0.6560228220907979,0.5252086270406294,0.5704203494175595,0.2587101838475444,0.568282462043324,0.7011556147757145,0.39589491689526224,0.3173750249619655,0.16756261710193268,0.5002777370918939,0.2611577642228331,0.3747354417011367,0.6324008601303549,0.5700251607271782,0.2115178290451275,0.06940839923933545,0.4922093474816377,0.4416642064863853,0.10277391580581446,0.38461764301021,0.520160857494507,0.5313953137507555,0.13358254575965112,0.6103583865127975,0.5332301608347481,0.6447308748950829,0.46030864685858186,0.49748986490543623,0.5100010047228414,0.6508881474014369,0.5757343856361636,0.41783432193430164,0.42417880229385824,0.23289668404470468,0.46094037795529036,0.5968253683480004,0.40050142306818176,0.0824134848567541,0.5884463899955262,0.15603214268595245,0.6528412862507207,0.6456032768553481,0.2883350299861354,0.67528856455605,0.35632260492570295,0.6679522911393997,0.4462939186228892,0.6286580623907184,0.6686633924146572,0.6410363116964953,0.4286490961593877,0.382678108501502,0.03545827227337302,0.5232106707178131,0.39746718516545465,0.6140518560805883,0.4147980638867475,0.27759332054023167,0.4434412208784169,0.7565232552435103,0.5285618830662967,0.5946249305950937,0.5358507416288423,0.7817035842666156,0.6675711323206459,0.22516187974763563,0.5926781752736552,0.3154624147596162,0.6604996727815748,0.6100042513074728,0.4825549694170448,0.2001517993379265,0.6212111621450063,0.7026667096344887,0.5047533809066389,0.24698130253662923,0.6176733417857623,0.6265626291856287,0.3517226326425142,0.6775164911678084,0.43934956429563926,0.4751323762444268,0.5762005793352032,0.6568879459284792,0.3820286212251274,0.7075090031743005,0.6018216371355081,0.4210507636306164,0.6302476558096652,0.3259199363733024,0.43352760631063036,0.5593313869499226,0.5644910953678669,0.3793835953136643,0.537156315661214,0.776309806790938,0.3350841222907223
AAL,0.3836127512628842,0.4948445823126009,1.0,0.3815652755474611,0.27998312375482615,0.4300408203315085,0.0818023120088589,0.23425307549085567,0.4253130135193985,0.4199431107801605,0.27395136204270804,0.2888588386980803,0.32523241527484215,-0.0556764263049922,0.16285741433004688,0.3978808442201046,0.2334607530391287,-0.032776914560350714,-0.2011624424419787,0.2568716019944616,0.2364311252849857,-0.011192009097026527,0.6880749717341318,0.2355786004956238,0.30962687531448896,0.059954329853796166,0.35226030141745135,0.2853260297285703,0.3080846212015726,0.3608141320601267,0.4464819643400818,0.23297128277567616,0.5621349315936415,0.44613599404114734,0.2969738100637807,0.5087276194911791,0.08488713856433235,0.2121574056694959,0.1517671649425241,0.09964166166487015,-0.09429957098159276,0.4784085625253361,-0.08384558602214985,0.05727461038613355,0.46896829757774433,0.1049267728060435,0.22307524705962437,0.20970870245992118,0.6904171622535779,0.3904382505283719,0.21810133002184828,0.28523269879642554,0.34359759296146813,0.17952625600991223,-0.03979142801267586,-0.1704911310270648,0.2886992557450443,0.07903353349345914,0.40628891274633155,0.37193942882127295,0.02306941423752985,0.4814560562422855,0.366394562932142,0.07197266907680742,0.38490495049744805,0.24623278693081124,0.39961254924617734,0.37941106456511686,-0.2309270171726645,0.3767655832935186,0.20039612625081343,0.297875795370365,0.3470473100519264,0.1580776216903487,0.1708977779485865,0.4688101339485587,0.26118441920573154,0.07020274554501195,0.18265358979911914,0.38518931193835027,0.3138477117844126,0.2651326154063425,0.3149548613337985,0.4039131491700559,0.33512767050233727,0.13048000908270754,0.2462991242076426,0.06473573864632728,0.3844834330049959,0.41555609940697635,0.2521376678305018,0.45607261153194234,0.12044341845292211,0.29521399423469863,0.39786450629196063,0.3253954170073527,0.22675108651390016,0.1831680023349447,0.431049169180255,0.05185785027338823
AAN,0.5734570724464917,0.6560228220907979,0.3815652755474611,1.0,0.5604829771627098,0.7709556587201041,0.3047633574218324,0.6748770190316191,0.697799935047872,0.582078183944381,0.5353913532595673,0.36279070458016666,0.6508438847839284,0.3560721185525158,0.3595275662393992,0.6080578448453164,0.48935704392016516,0.2459423408429571,0.20561209404498737,0.41058852014099134,0.6010880737262848,0.09938705005338572,0.6609954689631926,0.5741949666845504,0.6050907239768719,0.22721893282399316,0.6037242508531967,0.6738696905615644,0.6462398751639254,0.47084991762182765,0.4732455274045741,0.5644671152609526,0.6136739421721601,0.4596622963641063,0.6883027613483831,0.4159927246928032,0.27285837763832543,0.47299722367561603,0.5314191066274195,0.5286426637448504,0.2624987925911059,0.5839118173298442,0.3090119611488954,0.6339471347824754,0.5896072476425623,0.3179514897808179,0.602722106927856,0.6287002247261297,0.6609373317077352,0.4716900466248665,0.5895135738426006,0.6701147627558626,0.666021427541178,0.6483335229735604,0.3687716481739992,0.08588924829331784,0.6082207130242546,0.5364465883711642,0.4184813565529001,0.5397722578382695,0.44502361143447494,0.3786456402998187,0.6621851810211877,0.671267763221962,0.7026883727782138,0.5653602278788317,0.585460546174664,0.5178459490344304,0.20101896901950914,0.6584482244153385,0.16547892805859002,0.5815930055301621,0.6030909725435398,0.7220541535443868,0.08166734051723544,0.5057232561806749,0.696848711765128,0.38226217353138164,0.27268433280082244,0.7379839802228244,0.5572974460934533,0.6993282537187993,0.7601763090128831,0.5957842583699101,0.5062701550873553,0.5708092361282618,0.5550911539867117,0.45143980431534897,0.7720824955795025,0.5111536614792637,0.6544875854435367,0.7092120952593944,0.28966906163330336,0.3908479205218723,0.5816284543373563,0.7344867642360997,0.32110884459028777,0.4672566357667063,0.7021843708086174,0.489805407281003
ADP,0.6326459469497998,0.5252086270406294,0.27998312375482615,0.5604829771627098,1.0,0.47829198832971864,0.10192181654830784,0.3617364852152785,0.512643599963577,0.24953080523002374,0.21718088315366998,0.14266538933788958,0.5826949297860754,0.22670585324839396,0.4989912445258897,0.5590895179962435,0.395228438791979,0.3607570211535702,-0.09526811463888646,0.3956653600614253,0.3913970432173119,0.2373768946370803,0.31289988697651305,0.29268088878651677,0.6434883899895818,0.17208621862564036,0.6851293864080066,0.37706499299818197,0.4066158687288811,0.3091983986986553,0.5218112910651533,0.7300659143777809,0.6496300586689904,0.29386156040402384,0.5020713226493273,0.31596744351919004,0.39607497310136813,0.569182598663764,0.2570388706209454,0.3427044766594414,0.4399309587514284,0.6995880885897108,0.11769359569154193,0.3474982648403606,0.4702528148099486,0.513541754768871,0.34039601178016127,0.3622300903016554,0.39186461465561373,0.6060611248578548,0.5160330515442144,0.6438389524542011,0.6110319553943262,0.38921659237341466,0.31643444425916384,-0.03196240095379833,0.5003396902520757,0.40589339281941306,0.48287085198546104,0.3145403167409687,0.6014189059925774,0.198151640023808,0.44691777844118197,0.654230803615494,0.6684877558636831,0.3306056031861057,0.4446950437657879,0.7332214581358176,-0.11786311068022207,0.381956457734892,0.2551892568584341,0.7098413347703196,0.6782792275832007,0.3601926694021302,-0.04710627606015672,0.5997804595636526,0.7376663639144186,0.3613222902712036,0.263882351358113,0.5688833695399114,0.5127724578178896,0.2493937276868871,0.5057524024334573,0.526681569666178,0.36442320125695504,0.48747208094035666,0.5588743620700903,0.2027831716275419,0.7475692410357279,0.319991998305146,0.3730057921733449,0.6145134633224225,0.22840002574353624,0.3455362737504556,0.5648452405776668,0.7813791658820951,0.6586808997120689,0.5469298387231464,0.47387275538056195,0.11743797232514082
AAT,0.577351565179927,0.5704203494175595,0.4300408203315085,0.7709556587201041,0.47829198832971864,1.0,0.3551940358355936,0.8284530207140338,0.5434452553827418,0.793586002840755,0.7694515337501644,0.6580702707243763,0.5412661208131362,0.5334821129386093,0.4513696189221177,0.49934060954474074,0.32576470561253207,0.3976028525411972,0.28139209728375175,0.5985802795648062,0.48265446336883533,0.36739398317379357,0.5194451721142254,0.7431318373567828,0.5781804149496398,0.3703877340579125,0.5914416119412887,0.47199015288441526,0.6204563934873305,0.5140272027324657,0.5117739667480222,0.5618819230818315,0.6992732278110525,0.4303001051720448,0.5671564670189234,0.5445772338389785,0.35925863611539216,0.3620577544842438,0.6028984536659623,0.3063923599922664,0.325900442861708,0.6010288443119582,0.438082721710776,0.5631176928603746,0.6067634408347445,0.421973016431072,0.6378220074161923,0.4907194233997961,0.4922079996615035,0.4213821545037552,0.569547274987709,0.6887724876278281,0.6985700050743804,0.7963114399344662,0.5217763702590156,0.13519707568480674,0.6473689400127081,0.5247132975825893,0.590266059023236,0.551562156843109,0.37518869110019376,0.3656608656744158,0.5824237809035868,0.6040786438184721,0.6541978829945018,0.670598703053559,0.48311272597735205,0.4507278525430944,0.33210674198675266,0.5560451604829523,0.13620315258044405,0.5631660588347145,0.5824413053355911,0.8662965465303153,0.2981751169282917,0.366977804689527,0.6632261119826244,0.3168193852219435,0.4464376305707846,0.6136882431221261,0.5884609114921598,0.7831711223467301,0.626390590381723,0.5707816371843085,0.6781995191264654,0.5586847175239865,0.46019642649718734,0.39718256218196746,0.6229379135650976,0.5159234007152743,0.8534329467919356,0.5083033840817601,0.39167879626348584,0.4968703224164768,0.5537873431941531,0.7408561064483606,0.21541069481158542,0.4971310734701339,0.6607785733038674,0.4716672702354374
AGM,0.29197784614430367,0.2587101838475444,0.0818023120088589,0.3047633574218324,0.10192181654830784,0.3551940358355936,1.0,0.29578970308842056,0.2065939029524128,0.10874148354378817,0.49564934548242906,0.549683209098743,0.13097797856974944,0.03773540966781524,-0.00866334389714755,0.34728332378798477,0.6376292155523133,-0.15688645942055823,-0.18689726260584943,0.2977487299522044,0.1946746131100935,-0.06803468984856999,-0.05761796485617011,0.49567725133996066,0.23483737435408078,-0.10382091160560226,0.23391945451966212,0.28410161501496306,0.06555624154263438,-0.01130139590214079,0.3278629240017857,0.009902324084890836,0.3127409497059645,0.0397089404058782,0.3924117525198864,0.5235631460316218,-0.03264311528065264,0.12275136698002058,0.10610338844998296,0.07364161433753229,-0.19282809206068785,0.2593796320309811,-0.04886332540116015,0.4441513696536225,0.33113419170761194,0.02161708552323759,0.37603214947568786,0.2021694369995992,0.23839116427986082,0.2652936284777176,0.18518178189181714,0.11390665707365816,0.4285690562830514,0.5622150203879488,0.48268519403365284,-0.22667681043607912,0.261003955228973,0.1915617354397071,0.2844006560361085,0.48130653538992774,0.05905078198706862,0.07755711200215056,0.17196737139916227,0.12485607119914853,0.2394595257589331,0.2200768825706211,0.21050621326967503,0.4674531035114341,-0.1489989770996382,-0.0271578957842483,-0.29892217923199754,0.10336869908945315,0.1923989594633529,0.26634750211046293,0.2003655347281357,-0.008856437320704336,0.37322522583057416,0.00549252127164803,-0.08727124482390688,0.3965529583751634,0.25870071007624856,0.32991450177768455,0.3108688901332672,0.10916155801704511,0.332323891706761,0.2352618421556926,0.02405009562390701,-0.1046641792560952,0.463981363350217,0.3680023067405129,0.27536487455467057,0.10973642187097202,0.4172393390074086,0.15280356324102895,0.12024757534318009,0.23325511894033046,-0.054175025440530995,0.05023963990955307,0.3208094629642303,-0.005992894720551178
AHH,0.48685859785999125,0.568282462043324,0.23425307549085567,0.6748770190316191,0.3617364852152785,0.8284530207140338,0.29578970308842056,1.0,0.511279059761459,0.7242810395815468,0.6728697344566763,0.6202009589896857,0.5205393482364495,0.3961715627964968,0.316146107037645,0.4278655741931416,0.2896836050280864,0.23197679538930452,0.11887971029844963,0.5252781517154043,0.4427863046947544,0.2800650659903113,0.4201167826990883,0.7233140199005502,0.47367659797026807,0.25096890320721404,0.48748724962493034,0.42044349206406634,0.5530987620265688,0.34934111622537284,0.45624916464479226,0.28924572359176776,0.500007297907753,0.2832765202393771,0.40906197209809314,0.4385989441257489,0.22241600262181568,0.24114610257845048,0.4353375291112099,0.3445962893820813,0.2242740550685112,0.5129865511157603,0.21371227279552524,0.5400918089989437,0.5280922517937796,0.31363259184525416,0.6887264226549685,0.4896520584819336,0.501518515313724,0.29808268449907394,0.43766433687287565,0.5826703258544971,0.5518543286664666,0.7552070204168813,0.505192452194288,0.04831060550690796,0.5275568903511265,0.5029381504064298,0.5056521929727987,0.4614012574753776,0.3024281281830027,0.4095136143400203,0.4739736142725169,0.4899093727968092,0.5339468371288011,0.46692025695979983,0.46115273978016413,0.41401730794554215,0.21697014403357268,0.4531411740791459,-0.02273301852214261,0.45395767649014784,0.4834887350622644,0.8227688071533775,0.20052816478150792,0.25793573679571746,0.6042563987321887,0.26540076976543225,0.3090838991342954,0.5952603686347984,0.5489172308079352,0.8251784015854138,0.6133828913625402,0.38584743289951823,0.523559381176985,0.4930986749937893,0.4316055064524048,0.2816540581095922,0.5837638421355867,0.38798688840692086,0.7834873909909663,0.533637620598008,0.4126752345474167,0.288836641262775,0.5309992912702816,0.5472208850948598,0.13888675630110148,0.2953298890621396,0.6828386932471161,0.4884794254410335
ACCO,0.6972799455165521,0.7011556147757145,0.4253130135193985,0.697799935047872,0.512643599963577,0.5434452553827418,0.2065939029524128,0.511279059761459,1.0,0.40568524422045144,0.4999541179685374,0.3052405168115588,0.5895327840575514,0.4508199069206406,0.5668211499553266,0.6562878824324531,0.6377623704803722,0.38349814976261654,0.2683304940786454,0.4873452690757345,0.4938584529619722,0.1729249553920523,0.5250930529429763,0.45477966803824976,0.6799405268754145,0.4419431620710012,0.5752374341162315,0.5537422761855669,0.5685494703009017,0.29950458508423317,0.5891488063619705,0.5516087014661899,0.591203588343028,0.3751152637403507,0.4586405577131946,0.48039680006958574,0.3907980735385766,0.3387190156382316,0.383742958307153,0.42435952133605864,0.30065227052472965,0.6768878168956849,0.2404293490797596,0.47761795518549743,0.5508037975296116,0.40585157126306604,0.4920003239169786,0.6373122720192573,0.5984822125639885,0.6109362193747313,0.584201603455673,0.6155609008529292,0.5659499284766785,0.4222630909362242,0.29688549776240647,0.08310179975156023,0.60963006040887,0.5029563405959047,0.5879635355322391,0.45411621379150746,0.3698959417173295,0.3596519568658305,0.5777523648116414,0.506077241290321,0.6248479309179211,0.7078503562282384,0.7777724422074251,0.5623946801682159,0.2291041207212753,0.49969475529371227,0.24175858158756636,0.6213618546537412,0.6325205606207747,0.539179154630061,0.20789713129531703,0.5570760422368248,0.6649559635422957,0.5115586257544587,0.40250389445295276,0.5827826466637849,0.5625415952652463,0.48133488486624115,0.6314423992467321,0.4389410817566109,0.6189361586031313,0.5991730014152559,0.6080834810936803,0.32086739405884823,0.7318319822843629,0.41005621616891147,0.41667086653337054,0.6481997041555205,0.4941412884289725,0.5125911128467543,0.32407574119937527,0.5435126769622871,0.5484953053926874,0.6644364817516069,0.6690665888245668,0.31470843353125305
AIV,0.42631211007848707,0.39589491689526224,0.4199431107801605,0.582078183944381,0.24953080523002374,0.793586002840755,0.10874148354378817,0.7242810395815468,0.40568524422045144,1.0,0.6917407439928356,0.5811174478168568,0.369974766017,0.40536029376672467,0.327750079057716,0.2327546813237619,0.14962810668952006,0.14861115554641743,0.19906562416586057,0.41746705763222164,0.17709670153720922,0.19426303742862233,0.40681359194583344,0.5981150834590949,0.4376621549784378,0.16249788493108944,0.4384981551638095,0.26141371234598415,0.3631700113377297,0.3357589184662437,0.263902338447416,0.4014871836455598,0.5162328529679229,0.3179278512316799,0.383356439799645,0.3761791491498049,0.26658503444735326,0.24241183957094842,0.3477479573455332,0.1369908666555466,0.11705685272232876,0.5094797752643914,0.26610481007881576,0.349462972769021,0.5341649616384299,0.3066399168547209,0.3694586914296902,0.405841514359061,0.44760053373469233,0.333720950498836,0.2709369937144239,0.4425735017928439,0.4818388207929288,0.6848130760854475,0.3832316046410145,-0.025705237274937485,0.491362338583795,0.3837824162269374,0.4536044135074739,0.3346866054567093,0.16281775703938303,0.2835018015221197,0.4668183863339463,0.3585862667722488,0.4569139601438776,0.41959289856255966,0.34191007971061604,0.26088743616717597,0.017808616479494607,0.397733649445177,0.07117383440068287,0.2902915258947288,0.3538918724930236,0.7395524058401716,0.1207239897230403,0.282121535839961,0.2845207130293019,0.16539683761244303,0.25653165975076114,0.48470260134319526,0.37749823304809765,0.6995789039618401,0.412995760402834,0.4857100407779767,0.5377948744897626,0.37731641174285174,0.3589367207193649,0.19703257772016997,0.35859208141613025,0.42020681798110987,0.7923779883365653,0.3757322270221136,0.2259059544718384,0.2783283011074815,0.44765476392086284,0.4544907789056789,0.0624926728896546,0.22831620665513405,0.4137410005118681,0.34277124296313455
ACRE,0.2504207267896912,0.3173750249619655,0.27395136204270804,0.5353913532595673,0.21718088315366998,0.7694515337501644,0.49564934548242906,0.6728697344566763,0.4999541179685374,0.6917407439928356,1.0,0.7077262499405879,0.24550965757734777,0.47998548787974593,0.10543685445896075,0.1903532611787328,0.276682937530334,0.17969822301912405,0.11753556086791375,0.5281666326633054,0.2699218208667724,0.10680536887038271,0.41312887573974116,0.677872833399578,0.4642921819418043,0.2403829568064625,0.32361120331323584,0.30918698418973634,0.2855570008330048,0.37202172295797387,0.3759805723960998,0.12604205593454748,0.450337770649252,0.2950006764927379,0.43523938619426106,0.44187615323271495,0.2176171029606681,0.20973043624730597,0.34364216925521257,0.19360474211306508,-0.0004839862784354452,0.4448462646967969,0.3060975683685153,0.3949542086195573,0.46279443539377985,0.12083091922759634,0.4274922891035824,0.3857819427560013,0.413155906716924,0.5457389276495935,0.3234795081988791,0.4163667581310143,0.4567669533423827,0.7764725895607346,0.47269976570597744,0.1184874754980842,0.3950367018760439,0.2501813263892038,0.5785004391619353,0.49580932293581637,0.10291921021491227,0.3637078245954749,0.4285935045603064,0.21814199171488355,0.42568280929416635,0.5862512945991071,0.4033832045189906,0.3126386804465614,6.778930096270594e-05,0.2596768508903322,0.08638332210865617,0.15244013090443906,0.3099871031718383,0.7693969239882676,0.2523413582971466,0.07261763541455737,0.33394705264807883,0.0899348193849622,0.2584734136372448,0.477695225340933,0.417395403692675,0.7393944501880743,0.3782394191200543,0.2561808955545366,0.6486213449945473,0.4296464849026609,0.10918984018410627,0.1686230115204373,0.41347867953116546,0.4074406973612528,0.7389845451861238,0.2808895515230446,0.5359752123695897,0.250646613285345,0.31200354415878295,0.4024667261203675,0.10959465334277392,0.17578601442348193,0.5023710744961055,0.40876534951383914
AGNC,0.3085158031963136,0.16756261710193268,0.2888588386980803,0.36279070458016666,0.14266538933788958,0.6580702707243763,0.549683209098743,0.6202009589896857,0.3052405168115588,0.5811174478168568,0.7077262499405879,1.0,0.2759879933710226,0.2968911930945451,0.12102484332881216,0.12064750526335752,0.38210818285508413,0.16338360758086484,0.07169060838475705,0.5812797012096389,0.5200955702333155,0.015212383539974452,0.24881990721119718,0.6235521678817274,0.35128152351357417,0.27023972326705803,0.20120442447870354,0.16662531970194233,0.1942209284011601,0.13329300861810892,0.4365926793482603,-0.04322968978721674,0.38507569377541173,0.004715662194810652,0.34729451078875434,0.5659445930819957,0.16813608216940526,0.11776549984111102,0.16273681022088343,-0.01713160588263623,0.0052285361341440646,0.31417829631466665,0.11723602996829478,0.1956174258277141,0.44133992180154785,0.174731265950228,0.5186864265245307,0.32029892080824024,0.1600997767483551,0.4096184614611333,0.18980856272554067,0.28637394315221343,0.4929589736883124,0.725306260151211,0.5640767657558188,-0.033514044574406154,0.45601115611668797,0.26564886481044414,0.2947943547289133,0.4058155477311048,0.1301872628116621,0.15971390209205283,0.24676938342331636,0.12296429149009633,0.2612583691355265,0.42409392028357984,0.31717276822654794,0.1541416530049785,0.12462683107376135,0.10252729502162714,-0.006837674805765291,0.21406220667451453,0.1941237117212998,0.6666634147459573,0.5828856341327935,0.10249212397518481,0.3459812171486238,0.09121317852085142,0.2553339071066708,0.34646517124740656,0.27871089779275066,0.6438855260289555,0.33147512071905283,0.15332021410000282,0.5557264494320672,0.19407339475341856,0.024555140259592496,-0.060632459874566544,0.32515722326638347,0.2613158261666666,0.6459267927102054,0.20506645271521598,0.5571792313021221,0.23301035764103217,0.20592016298833726,0.352970571536084,0.02759596070548162,0.15331415012190536,0.4162625927261699,0.23547391600114634
AGYS,0.7522857294357874,0.5002777370918939,0.32523241527484215,0.6508438847839284,0.5826949297860754,0.5412661208131362,0.13097797856974944,0.5205393482364495,0.5895327840575514,0.369974766017,0.24550965757734777,0.2759879933710226,1.0,0.4237733002081613,0.4659076691089708,0.5581315571656651,0.5853779504641843,0.280348240286336,0.22490023247428706,0.3024136424075828,0.7567937346167867,0.3149180793337763,0.234799729397446,0.456902128569419,0.7071071333633316,0.28914811496309356,0.675175220966651,0.5309910611234339,0.5429439715735176,0.3242739582526257,0.47738200407021564,0.5995007838632121,0.5376601546820153,0.16852272894792983,0.4857336482865867,0.2667470661467126,0.45799284161856024,0.5510771606398962,0.3335542825157398,0.46698656110895714,0.3242604957937851,0.5546153280296404,0.29853393623266644,0.4814797253458798,0.4716720968830172,0.35163537623662894,0.5955735435010594,0.6985733273759972,0.5081798819141142,0.5961159478118303,0.5788203713282155,0.6577685316273417,0.7541106287934641,0.42458075918437316,0.3306210602419556,0.009368335357018833,0.37679168510889705,0.6125705736387258,0.4282420853196811,0.4512841945407319,0.5164564835154613,0.41258832669005663,0.47313665614689304,0.611011624853634,0.7089095590051315,0.4303162592362032,0.5171389781772232,0.5918162381032874,0.2519004910985742,0.4635181990568618,-0.021464502203086305,0.5616626911996662,0.560447826900217,0.5002433826011404,-0.00041507575800478946,0.39376044162811685,0.6823808090628948,0.5221467923605919,0.4087153862968851,0.6429090187244306,0.6796650537202993,0.445479789090809,0.6085191500623498,0.7069947848465333,0.30294877704914813,0.564789223058134,0.4813622332134756,0.3581211369575164,0.7510004208102429,0.211034090120976,0.544296159616679,0.3943901552963731,0.20226967756931052,0.22596978543213583,0.6719877776521943,0.6219691282055725,0.4685567335230758,0.48801331089425964,0.6068324263416057,0.5174914919080739
ACRV,0.593417608430431,0.2611577642228331,-0.0556764263049922,0.3560721185525158,0.22670585324839396,0.5334821129386093,0.03773540966781524,0.3961715627964968,0.4508199069206406,0.40536029376672467,0.47998548787974593,0.2968911930945451,0.4237733002081613,1.0,0.6141209668464379,0.25056270249791923,0.2549603722122307,0.7911333402749589,0.721715601260821,0.354706809859238,0.39407640633351754,0.7289274303538174,0.02738861652631009,0.526485829453256,0.7162939938402664,0.7001594507754886,0.47873613248471353,0.2755428898400543,0.4331778720966169,0.5269778312962777,0.18089796316580145,0.3622841122630974,0.3400570698242604,0.046373360974770905,0.46071130830858803,0.18166337703454483,0.7528034266343616,0.5229576678559877,0.3559508552070002,0.24730188445245233,0.7051548896540137,0.24239570276214792,0.7523994436423996,0.5101604753627902,0.3607639583957766,0.6224457941146971,0.44355719361724233,0.5212702285524833,0.3887146033457165,0.483285523936261,0.529615251851235,0.5665947130907858,0.6750344972352418,0.3706255257997439,0.3423048264122944,0.7445978766060113,0.2372998516827444,0.46126998188283735,0.4230468759077311,0.2436655331592892,0.31907157967427113,0.5140986301057807,0.1898956152415591,0.4558624012164771,0.5423258030507591,0.6284831221017307,0.37671463795430943,0.26035410522405755,0.6740581921528124,0.06770826433857222,0.026255740550083013,0.4226328265548827,0.4249348933935812,0.5345664584708244,-0.16887271596110573,0.1474562627837195,0.42840025446339075,0.5114852472062066,0.7647590373314314,0.6271702996697766,0.6775559669026798,0.2248999621487935,0.3823928946275819,0.293379816459632,0.5995156194662004,0.6437053384803493,0.19143696718527303,0.5205220713089215,0.464050372788227,0.1440541284153598,0.5922003290545637,0.35331031430536186,0.3493818542325133,0.19456931629593482,0.5914989432196038,0.4382796022506399,0.11602836093123244,0.5473256110526346,0.5462903840689028,0.5892198563779981
ABBV,0.6678861292324444,0.3747354417011367,0.16285741433004688,0.3595275662393992,0.4989912445258897,0.4513696189221177,-0.00866334389714755,0.316146107037645,0.5668211499553266,0.327750079057716,0.10543685445896075,0.12102484332881216,0.4659076691089708,0.6141209668464379,1.0,0.501969519337636,0.3647084814907677,0.6262530851932822,0.43888815395505654,0.3932319233200323,0.2197829245238273,0.654592811408908,0.0918710587342223,0.3570616583440142,0.6482401014237607,0.625007776028271,0.43810301312490935,0.4283278273928411,0.32528503419768995,0.20476284557733354,0.5055680467748658,0.5089047537716862,0.512322319603958,0.10534159939553493,0.33357289096908516,0.3323035986662209,0.6958786171728084,0.36033557497623075,0.010566322713675773,0.11630011840966323,0.6180712077354709,0.5154382599514629,0.6447377932054701,0.21556045662335763,0.466170423718779,0.6817115257598807,0.35657128880721806,0.33816477954850466,0.41202001845195224,0.3780472572995055,0.4045046340833956,0.5704822254494971,0.5965016401847986,0.36719031682972925,0.08585997106498143,0.37117462621556757,0.39782859497504186,0.4641979576324684,0.3090374407940816,0.22705483170393448,0.4682469290142276,0.2139950683851772,0.2385365226144411,0.5423427287058655,0.45633053163591714,0.47022424522518325,0.31968081067164206,0.5001300742272577,0.6664887882363426,0.249882787142657,-0.038314556009237985,0.5410238409485225,0.5156752159408995,0.3008622626722526,0.023448323521078344,0.4085204508025402,0.4661774812349706,0.32036671274737777,0.6667589968365836,0.32669660808294576,0.47920568821706744,0.2192263055639392,0.4081719750923733,0.27608965784996004,0.32234631722061685,0.30082080503029035,0.4101251521340439,0.28746328149701167,0.5993202683236154,0.340306653129544,0.5480980549147376,0.4679614923623748,0.1123369880520202,0.3720425427968235,0.26189934090317296,0.3710526437991917,0.3451419365956516,0.8692845515263666,0.406994966383897,0.15044192334997544
AAPL,0.7098685783175901,0.6324008601303549,0.3978808442201046,0.6080578448453164,0.5590895179962435,0.49934060954474074,0.34728332378798477,0.4278655741931416,0.6562878824324531,0.2327546813237619,0.1903532611787328,0.12064750526335752,0.5581315571656651,0.25056270249791923,0.501969519337636,1.0,0.48402877625937696,0.17099571990188733,0.10363129209643458,0.34030100774484817,0.41435294602043277,0.20404506438781903,0.522928678188713,0.3549806885261441,0.5843112552540816,0.23590862950288854,0.7077789058077599,0.44969574950150304,0.58658967301126,0.5442908221668936,0.36198560767149346,0.6775905290142528,0.5693545248586072,0.32323259805051846,0.5260160554838568,0.1949241682365932,0.2958497828658114,0.5626781422899559,0.28781890146899963,0.36395835212828737,0.23763921901661503,0.5119732239568041,0.07891598215070503,0.46720561592345217,0.44775307425832644,0.1562996459989495,0.4029572413262214,0.4649342959439756,0.4778312989920436,0.542214037612876,0.6775836846222795,0.6531547478084304,0.5172230608184477,0.35393661421315803,0.2165495665990074,0.08240511153030733,0.5107114686920795,0.26962441003254567,0.42302776263373043,0.3435033698939114,0.2762266316302068,0.4016075057151192,0.4475499842425157,0.45272293435076283,0.6632771389118526,0.5461066502454881,0.4889061552112625,0.5559898586203321,0.24544252229135646,0.40662136278536737,0.14293464862289523,0.7078881176548073,0.6935532374869128,0.3917336916964546,-0.09107134167994312,0.5188682510194355,0.5890369109796184,0.5741707614130245,0.24621987312053245,0.6036920361555806,0.684706295472213,0.46406483547331945,0.5786693327962189,0.6405792911791286,0.3558082196487915,0.6582334850711883,0.5281411787084206,0.35881315917437917,0.7040352452709523,0.3362748517884586,0.3031341194696614,0.5755451116208449,0.2410371857782527,0.3689037187144704,0.5465231756012946,0.572831242471984,0.5163907847489277,0.6063546429976528,0.5199916197166272,0.24520070824112744
AGCO,0.6427881832877699,0.5700251607271782,0.2334607530391287,0.48935704392016516,0.395228438791979,0.32576470561253207,0.6376292155523133,0.2896836050280864,0.6377623704803722,0.14962810668952006,0.276682937530334,0.38210818285508413,0.5853779504641843,0.2549603722122307,0.3647084814907677,0.48402877625937696,1.0,0.24615419847763675,0.04308886420188669,0.3722477634383216,0.5966455221151703,0.1472889298987502,0.22507978511769489,0.43579612996656436,0.3641395741377092,0.021292743159626887,0.3790820015389039,0.42202122098977934,0.4636221356880748,0.27615770997455624,0.5162140174621506,0.34207627718557165,0.5263286540694694,0.25295270418995913,0.35448603463731815,0.5995343106018504,0.2346181645340451,0.4761690534669996,0.38778945504945755,0.4917996051761943,0.06864229513314954,0.4187670159455518,0.12072752421566314,0.5168510834867484,0.5596873839298081,0.233559256812839,0.5725477637443092,0.466525686768847,0.5686171299691061,0.4867036984958618,0.5532512126590996,0.4091281916454296,0.5775133127438282,0.29574169808712836,0.24756634133501515,-0.1752794726366392,0.3825077504543497,0.17820847123848052,0.4482343074454191,0.4156224314253579,0.16685137975082223,0.32936052521950754,0.44535273877055276,0.2569679559931566,0.41083347797580666,0.39567096712010974,0.6156912090711344,0.7321683494133933,0.00939079219484801,0.44393523231242227,0.0998350731554412,0.5594549536780555,0.48379142607186054,0.228400639679711,0.17497549643061916,0.4805835417492371,0.5961368903037195,0.43412938180783406,0.07709228701259774,0.5761681096124616,0.4896655259211384,0.29310323110105196,0.5803352352342678,0.22127057513999937,0.38724522702148767,0.48775139088362074,0.5225965442351711,0.08341094071946381,0.6116746448162271,0.4271405661747561,0.23648427599958222,0.5144696120536207,0.3246967676916541,0.38644392123641436,0.3454135356249407,0.42952002503230186,0.2227488423339225,0.5169530745541272,0.6389866657862663,0.10862808224231396
ADCT,0.5448140410266382,0.2115178290451275,-0.032776914560350714,0.2459423408429571,0.3607570211535702,0.3976028525411972,-0.15688645942055823,0.23197679538930452,0.38349814976261654,0.14861115554641743,0.17969822301912405,0.16338360758086484,0.280348240286336,0.7911333402749589,0.6262530851932822,0.17099571990188733,0.24615419847763675,1.0,0.6023367909183284,0.2491829903873031,0.2143958614063159,0.6818662167446373,-0.06412050890833193,0.4412621354162067,0.629570800889363,0.6013267358844592,0.3207010570039921,0.24811395654411483,0.36527868246756884,0.3548426375595149,0.2605677063889987,0.30106109120144914,0.18164467308690707,-0.11136235872628868,0.14363946178329925,0.14003698204795956,0.6321495427588204,0.41812445036998835,0.2937249039214182,0.21478762319262953,0.7244086286487524,0.14929552256899162,0.6025383214445929,0.18892734803973246,0.2792333358963374,0.6613065182004454,0.2556568945961786,0.30736690539272454,0.26670077322150254,0.3090805215736337,0.3383264431930986,0.5195671633909638,0.5287774066344073,0.17028689227998334,0.15917560750799706,0.637173529286342,0.24560863133955038,0.36660416582634453,0.24041731974050448,0.20389150429864994,0.41152958897877184,0.3261092069077086,0.1378110175229169,0.4474194235895319,0.4482234537528313,0.3786554734325762,0.3296118226490413,0.32191545392890736,0.5338303411622476,0.09458018738257372,-0.07536314880648856,0.4365659408474443,0.3913727918349339,0.3048882802418816,-0.1102392175105587,0.2436786668059054,0.5339695472943555,0.36410531638102606,0.728487775130555,0.4448655061286672,0.5197219736063166,0.10791083493620948,0.17642923430662136,0.09510536883253314,0.37128430049030564,0.4302337557421758,0.1292720072062034,0.3945381779978228,0.4129782772563654,0.07710919326804232,0.3510816632391175,0.3254966569830056,0.19340397969980846,0.2739836686987005,0.44651241676135617,0.554012541372196,0.13964054920956528,0.5785726078997249,0.39969195567899257,0.35837662429048545
ACHV,0.2820292024191214,0.06940839923933545,-0.2011624424419787,0.20561209404498737,-0.09526811463888646,0.28139209728375175,-0.18689726260584943,0.11887971029844963,0.2683304940786454,0.19906562416586057,0.11753556086791375,0.07169060838475705,0.22490023247428706,0.721715601260821,0.43888815395505654,0.10363129209643458,0.04308886420188669,0.6023367909183284,1.0,0.1389859916092863,0.3383839361107737,0.5294313251138766,-0.05860096996959742,0.47578273457357556,0.5241295294143954,0.5377817725376338,0.1636354316763752,0.14738669428178255,0.23874939355709576,0.28756598735855704,-0.12334983424230352,0.024882747085780026,0.09758955103042202,-0.053983238054638824,0.2104434613849605,-0.05010383285682754,0.5096448535663517,0.3198781299489287,0.17471294536740145,0.02373080121110302,0.3562942336091287,-0.007619660466987251,0.639619277195936,0.09516106840459589,0.15474886266767465,0.4346087525923058,0.20912744876418443,0.4061130866043395,0.14530091189165786,0.15072705335081799,0.34528365498174657,0.33675770625293605,0.3816936557021818,0.10546201956092492,0.22718308704239235,0.436670476190785,0.0666929064581911,0.4237682498519867,0.09303503656626054,0.08886517357349073,0.12644597900753796,0.369567720860592,0.1127011166681981,0.37989039767171107,0.3898470519104332,0.24321489167681568,0.1886685434744567,0.010823053388453482,0.6303998258271002,0.08558468724954393,-0.2079817032441388,0.18557401271176946,0.18845553038426843,0.19495562371526684,-0.2533361792674333,0.11751468130501472,0.20190405324526414,0.34539402066396896,0.6165258520998259,0.3473258918674141,0.45685709268408203,0.08636047634622718,0.17388508498866426,-0.03973084263687426,0.3394737798791522,0.29197165743708847,-0.05351403456637216,0.38856522039427044,0.29367471598670364,-0.06031521335402983,0.3581368423559129,0.2542863381457635,0.06635668019967814,-0.04108395715170739,0.35999004530453377,0.2198600407794522,-0.14946289785653125,0.2595167776075062,0.22745190443160834,0.3718932915803177
ACGL,0.40692880622942545,0.4922093474816377,0.2568716019944616,0.41058852014099134,0.3956653600614253,0.5985802795648062,0.2977487299522044,0.5252781517154043,0.4873452690757345,0.41746705763222164,0.5281666326633054,0.5812797012096389,0.3024136424075828,0.354706809859238,0.3932319233200323,0.34030100774484817,0.3722477634383216,0.2491829903873031,0.1389859916092863,1.0,0.3357420681699663,0.0660500360641196,0.15952506609850253,0.48866258998600137,0.6077093321700892,0.2310545628693339,0.4427080796265152,0.3306656370642232,0.27489508899265436,0.21912849517921518,0.7491104616974708,0.3087777587065639,0.8078465980170374,0.2959461150359974,0.3488705180981901,0.7823412649682719,0.20933593914359078,0.3671886198258842,0.3923174916231717,0.1773282150036273,0.1586801279521064,0.4826800945945605,0.12534132494499223,0.32339434205179424,0.5354055771527894,0.22142674754042585,0.5839970518626406,0.3100323638788869,0.46996165218269403,0.5407444106791056,0.307070151617905,0.3977779400997577,0.5439771033270944,0.6566551903908139,0.7290492621942845,0.310544593026691,0.7806668082128742,0.35926238383918835,0.5943631606918416,0.5090412068997998,0.18451276950456327,0.502002707696636,0.4492684497147255,0.3672076597972414,0.3969979680628801,0.48519796834970647,0.5048831481499826,0.3789456752162193,0.2566820146095831,0.2777520399183213,-0.08770301419596917,0.3915152554290416,0.5374732439983977,0.577555489293968,0.684635253037357,0.33123123481313743,0.4497238597481058,0.2844871961334375,0.17187502572077965,0.5594989673997406,0.5038463639649441,0.3105340416201851,0.5643863276187886,0.3505424319033082,0.810013492191702,0.33110769044194416,0.34720450412366455,0.19775688011826917,0.46838148460603735,0.3661381588320786,0.5064162556400518,0.46049263314043204,0.5331355427518063,0.6334624295033672,0.38058346163959783,0.5061289639393908,0.34665843113607575,0.4245161835329243,0.7115253647387116,0.3304295895354023
